8.309528034827151849e-04 -2.346397573613665313e-03 8.316826258575798830e-05 1.451366876184024580e-03 -9.841195798765065006e-04 2.663298621123006925e-06 2.569206250949419325e-03 2.544295828486957227e-03 2.515829436064616949e-03 2.607303928807318868e-03 3.080560534855402138e-03 -1.223032772180749059e-05 -4.729400297253921189e-05 -9.828904411489852245e-05 -1.175737078987301070e-05 1.069903306228989085e-04 9.744341986672440479e-05 -6.531682417112102696e-04 -1.522523675087747658e-03 -1.457989208910400077e-05 1.504455255481181879e-05 3.052068522333205400e-05 7.262639335111328715e-06
-2.346397573613665313e-03 1.689173673724523109e-02 5.507207240440626468e-04 -1.036235247194122223e-02 2.777467888279218020e-03 7.125583688993591296e-05 -8.139301922063441053e-03 -8.227285925993579538e-03 -8.446050411586761286e-03 -8.253067958439991650e-03 -9.636849483223934240e-03 -5.579912834523194956e-05 2.018889936545934503e-04 2.171434582662723869e-04 4.897288125931345288e-05 -7.307750730782586364e-04 1.309093735080393362e-03 7.098554163786344705e-03 2.286767408213151789e-02 4.423574911144935755e-05 -9.383008413251375530e-05 -1.092665313311353873e-04 -6.433652843129572551e-05
8.316826258575798830e-05 5.507207240440626468e-04 1.801843481100445419e-03 1.311049332266569188e-04 -7.627910828957467401e-05 2.729158408366697037e-06 3.302477482034178800e-04 3.428530701725720229e-04 3.315914653351027569e-04 3.821010454180938528e-04 4.166990781301919077e-04 -5.243065120181345026e-06 2.409196958033101124e-06 -1.414912934440023272e-05 1.018082180105865766e-06 -4.589940741080123058e-05 -9.362607481143342999e-05 1.775899243092441575e-04 1.454113440266076920e-05 1.087263248826917860e-06 -1.539636898221238294e-06 2.714538201232142501e-06 -5.162122225784034589e-06
1.451366876184024580e-03 -1.036235247194122223e-02 1.311049332266569188e-04 4.150140046038101126e-01 -1.824587695315874449e-03 1.511065574925916276e-05 6.451638091063933295e-03 7.130086817004668669e-03 7.618570210141100557e-03 7.821170682297744897e-03 9.010995373125380362e-03 7.900617222138112331e-06 -1.018384797848903480e-04 -3.127002291803323837e-05 3.920453337839949144e-05 5.913345784871137890e-04 -2.832846761569078609e-03 -6.848380425985261220e-03 -3.151033548510304150e-02 3.015206564373078583e-05 7.216068040032616886e-05 1.563524043342870906e-04 1.894765012513394397e-05
-9.841195798765065006e-04 2.777467888279218020e-03 -7.627910828957467401e-05 -1.824587695315874449e-03 5.448365539046745894e-02 -1.678255509691015872e-05 -3.516793487581118972e-03 -3.501184907146371976e-03 -3.493443322950812949e-03 -3.666815615045517472e-03 -4.194494802077484291e-03 4.183395631622133390e-06 -4.208377924123820994e-05 7.290940120672380467e-06 -6.300744693013808227e-05 -1.645388857625698406e-05 4.718584396504163546e-04 2.272128703177165795e-03 7.998333971726683325e-03 -1.984880505427252050e-05 -5.451051481341327200e-05 -7.049932747631366178e-05 -1.747293907229567156e-05
2.663298621123006925e-06 7.125583688993591296e-05 2.729158408366697037e-06 1.511065574925916276e-05 -1.678255509691015872e-05 5.359291763228827180e-06 5.782665085995649964e-06 1.614123423501618291e-05 1.930962022980849566e-05 1.770477710507155453e-05 1.189688022750694745e-05 8.813511301732367768e-08 2.844419598996590140e-06 1.385578272616220786e-06 1.609060859322907147e-06 7.958846342952508566e-06 -2.788443276130357231e-06 -3.416077346845034440e-05 -1.429125602449463853e-04 1.796261233627587613e-06 -3.144769692064742443e-07 1.695524848663494925e-06 -1.976596712881079637e-06
2.569206250949419325e-03 -8.139301922063441053e-03 3.302477482034178800e-04 6.451638091063933295e-03 -3.516793487581118972e-03 5.782665085995649964e-06 1.109067672254971694e-02 9.494023505638837096e-03 9.502630367698768760e-03 1.021335745744515397e-02 1.182156453166428173e-02 1.388333078839226520e-06 7.760929530578775267e-05 -6.134611581603797179e-05 1.267912118806174750e-04 7.843701909693131982e-05 -9.314469407252358273e-04 -6.980166498897707322e-03 -2.544690076733526971e-02 6.350061488486323925e-05 1.419750683462009269e-04 1.703135651167759189e-04 2.132264597471258415e-05
2.544295828486957227e-03 -8.227285925993579538e-03 3.428530701725720229e-04 7.130086817004668669e-03 -3.501184907146371976e-03 1.614123423501618291e-05 9.494023505638837096e-03 1.083275025593861615e-02 9.834814567630049617e-03 1.035645008921349912e-02 1.229047066494469258e-02 -1.333397353160889171e-05 1.712021196323511971e-05 -5.165370330344240914e-05 1.722911946617195313e-04 4.611627948620458531e-04 -1.622483244956588518e-03 -6.533202945696692070e-03 -2.463702446329656126e-02 3.226451383351246308e-05 1.590003093469729125e-04 1.752945562135316867e-04 7.077986881846042076e-05
2.515829436064616949e-03 -8.446050411586761286e-03 3.315914653351027569e-04 7.618570210141100557e-03 -3.493443322950812949e-03 1.930962022980849566e-05 9.502630367698768760e-03 9.834814567630049617e-03 1.101283678745394561e-02 1.062075404727682443e-02 1.240503318241566351e-02 7.656637890181940671e-06 8.470775000428056796e-06 -2.973972848090838950e-05 1.024835167717388462e-04 -3.039845555878139163e-05 -1.412815281129173751e-03 -6.335940453956375937e-03 -2.773382557357534361e-02 2.941325169787940453e-05 1.222455552982673491e-04 1.737440876068279154e-04 7.083065171559914158e-05
2.607303928807318868e-03 -8.253067958439991650e-03 3.821010454180938528e-04 7.821170682297744897e-03 -3.666815615045517472e-03 1.770477710507155453e-05 1.021335745744515397e-02 1.035645008921349912e-02 1.062075404727682443e-02 1.289013547129882857e-02 1.331926476172728968e-02 -5.700710684878241061e-05 8.626006911970642260e-05 8.169603024637486793e-06 1.465941130636979164e-04 1.710431612457121852e-04 -1.166450332891287318e-03 -6.654804140395327583e-03 -3.002343182507153166e-02 5.221336271466638345e-05 1.731824851923610567e-04 1.907273429534201575e-04 6.184829516395457894e-05
3.080560534855402138e-03 -9.636849483223934240e-03 4.166990781301919077e-04 9.010995373125380362e-03 -4.194494802077484291e-03 1.189688022750694745e-05 1.182156453166428173e-02 1.229047066494469258e-02 1.240503318241566351e-02 1.331926476172728968e-02 2.139613430316640585e-02 -7.707412007742211405e-05 -1.236529224238493151e-07 -4.192179438282134414e-05 1.466200383601932251e-04 1.161683750040449613e-03 -1.352325455463156481e-03 -5.982833054611458486e-03 -2.470354470523099602e-02 4.025046162980267119e-05 1.823778628569355385e-04 2.352634278340831435e-04 1.555198456955484614e-04
-1.223032772180749059e-05 -5.579912834523194956e-05 -5.243065120181345026e-06 7.900617222138112331e-06 4.183395631622133390e-06 8.813511301732367768e-08 1.388333078839226520e-06 -1.333397353160889171e-05 7.656637890181940671e-06 -5.700710684878241061e-05 -7.707412007742211405e-05 5.330109559158958043e-04 3.637577652540061800e-05 -8.095318725999212870e-06 2.128775061794967432e-06 7.269012684984862060e-04 -1.689174438303375899e-04 -1.353648363649592365e-04 -1.460106926861328216e-03 -4.781970016042862864e-05 -2.635040488702989920e-05 4.404433511905420448e-06 -6.095451470546409787e-06
-4.729400297253921189e-05 2.018889936545934503e-04 2.409196958033101124e-06 -1.018384797848903480e-04 -4.208377924123820994e-05 2.844419598996590140e-06 7.760929530578775267e-05 1.712021196323511971e-05 8.470775000428056796e-06 8.626006911970642260e-05 -1.236529224238493151e-07 3.637577652540061800e-05 4.437975987961963360e-04 6.131613837443806796e-05 1.223037716080669383e-05 4.587224767922533196e-05 5.277135062379772860e-04 -5.840886940318745823e-04 -4.520313124851539459e-03 2.004086777319298178e-05 -6.387847660545422713e-05 1.283806310583381103e-05 -3.062122410788350649e-05
-9.828904411489852245e-05 2.171434582662723869e-04 -1.414912934440023272e-05 -3.127002291803323837e-05 7.290940120672380467e-06 1.385578272616220786e-06 -6.134611581603797179e-05 -5.165370330344240914e-05 -2.973972848090838950e-05 8.169603024637486793e-06 -4.192179438282134414e-05 -8.095318725999212870e-06 6.131613837443806796e-05 3.625309530415338883e-04 4.914233254488801399e-05 -3.835432269525172418e-04 -4.112386608590943042e-05 5.764597184887271502e-04 -2.223464484259718345e-03 2.121847302683410171e-05 3.038583047262254983e-05 -6.020237670143051707e-05 1.561048146052899490e-05
-1.175737078987301070e-05 4.897288125931345288e-05 1.018082180105865766e-06 3.920453337839949144e-05 -6.300744693013808227e-05 1.609060859322907147e-06 1.267912118806174750e-04 1.722911946617195313e-04 1.024835167717388462e-04 1.465941130636979164e-04 1.466200383601932251e-04 2.128775061794967432e-06 1.223037716080669383e-05 4.914233254488801399e-05 4.358981069634955624e-04 -3.158483326102431423e-04 -2.559380079526918784e-04 -7.691564385783181333e-07 9.639040496471231942e-03 -4.206929195153002562e-06 1.230670380142870367e-05 2.831208284772247642e-05 -2.261880676957451922e-05
1.069903306228989085e-04 -7.307750730782586364e-04 -4.589940741080123058e-05 5.913345784871137890e-04 -1.645388857625698406e-05 7.958846342952508566e-06 7.843701909693131982e-05 4.611627948620458531e-04 -3.039845555878139163e-05 1.710431612457121852e-04 1.161683750040449613e-03 7.269012684984862060e-04 4.587224767922533196e-05 -3.835432269525172418e-04 -3.158483326102431423e-04 5.401338942341517291e-02 1.392144666392146866e-03 -1.615378639241159351e-03 -1.034796931137871821e-02 2.383811707226702551e-03 6.482659338129247194e-05 -7.960829781813401936e-05 -1.177076381624602298e-04
9.744341986672440479e-05 1.309093735080393362e-03 -9.362607481143342999e-05 -2.832846761569078609e-03 4.718584396504163546e-04 -2.788443276130357231e-06 -9.314469407252358273e-04 -1.622483244956588518e-03 -1.412815281129173751e-03 -1.166450332891287318e-03 -1.352325455463156481e-03 -1.689174438303375899e-04 5.277135062379772860e-04 -4.112386608590943042e-05 -2.559380079526918784e-04 1.392144666392146866e-03 7.866508610031945625e-02 1.907232059153034578e-02 3.537132568296028762e-02 -5.188707432631493215e-05 2.166429163092415539e-03 -2.601047095679330989e-04 -2.898097171224817614e-04
-6.531682417112102696e-04 7.098554163786344705e-03 1.775899243092441575e-04 -6.848380425985261220e-03 2.272128703177165795e-03 -3.416077346845034440e-05 -6.980166498897707322e-03 -6.533202945696692070e-03 -6.335940453956375937e-03 -6.654804140395327583e-03 -5.982833054611458486e-03 -1.353648363649592365e-04 -5.840886940318745823e-04 5.764597184887271502e-04 -7.691564385783181333e-07 -1.615378639241159351e-03 1.907232059153034578e-02 1.545270848754862203e-01 1.031176044904461991e-01 -5.144115683092233488e-04 1.636497628169502358e-04 2.552625194280350261e-03 1.504235436437561309e-04
-1.522523675087747658e-03 2.286767408213151789e-02 1.454113440266076920e-05 -3.151033548510304150e-02 7.998333971726683325e-03 -1.429125602449463853e-04 -2.544690076733526971e-02 -2.463702446329656126e-02 -2.773382557357534361e-02 -3.002343182507153166e-02 -2.470354470523099602e-02 -1.460106926861328216e-03 -4.520313124851539459e-03 -2.223464484259718345e-03 9.639040496471231942e-03 -1.034796931137871821e-02 3.537132568296028762e-02 1.031176044904461991e-01 1.370716889234244285e+00 -2.401766836385626613e-03 -7.674008033251224648e-04 -8.606379053544927979e-04 6.794759875019693030e-03
-1.457989208910400077e-05 4.423574911144935755e-05 1.087263248826917860e-06 3.015206564373078583e-05 -1.984880505427252050e-05 1.796261233627587613e-06 6.350061488486323925e-05 3.226451383351246308e-05 2.941325169787940453e-05 5.221336271466638345e-05 4.025046162980267119e-05 -4.781970016042862864e-05 2.004086777319298178e-05 2.121847302683410171e-05 -4.206929195153002562e-06 2.383811707226702551e-03 -5.188707432631493215e-05 -5.144115683092233488e-04 -2.401766836385626613e-03 2.385754018536510889e-04 1.980609337217752633e-05 -2.639170518247488694e-06 -4.273680496322137459e-06
1.504455255481181879e-05 -9.383008413251375530e-05 -1.539636898221238294e-06 7.216068040032616886e-05 -5.451051481341327200e-05 -3.144769692064742443e-07 1.419750683462009269e-04 1.590003093469729125e-04 1.222455552982673491e-04 1.731824851923610567e-04 1.823778628569355385e-04 -2.635040488702989920e-05 -6.387847660545422713e-05 3.038583047262254983e-05 1.230670380142870367e-05 6.482659338129247194e-05 2.166429163092415539e-03 1.636497628169502358e-04 -7.674008033251224648e-04 1.980609337217752633e-05 2.035486316220633100e-04 8.180267985029815206e-06 7.471485458545070715e-06
3.052068522333205400e-05 -1.092665313311353873e-04 2.714538201232142501e-06 1.563524043342870906e-04 -7.049932747631366178e-05 1.695524848663494925e-06 1.703135651167759189e-04 1.752945562135316867e-04 1.737440876068279154e-04 1.907273429534201575e-04 2.352634278340831435e-04 4.404433511905420448e-06 1.283806310583381103e-05 -6.020237670143051707e-05 2.831208284772247642e-05 -7.960829781813401936e-05 -2.601047095679330989e-04 2.552625194280350261e-03 -8.606379053544927979e-04 -2.639170518247488694e-06 8.180267985029815206e-06 2.019967621311509628e-04 3.779890600058754659e-06
7.262639335111328715e-06 -6.433652843129572551e-05 -5.162122225784034589e-06 1.894765012513394397e-05 -1.747293907229567156e-05 -1.976596712881079637e-06 2.132264597471258415e-05 7.077986881846042076e-05 7.083065171559914158e-05 6.184829516395457894e-05 1.555198456955484614e-04 -6.095451470546409787e-06 -3.062122410788350649e-05 1.561048146052899490e-05 -2.261880676957451922e-05 -1.177076381624602298e-04 -2.898097171224817614e-04 1.504235436437561309e-04 6.794759875019693030e-03 -4.273680496322137459e-06 7.471485458545070715e-06 3.779890600058754659e-06 2.743029733383098301e-04
